1230235580577046533
1231640778625179648
1230165222930948096
1231638043360137216
1231171857409302528
1230827179380035586
1230908833507180546
1228989116370608129
1230893470040104963
1230931958567493634
1231315430037434368
1229831363030810626
1231263794346766337
1231261301768425479
1230963104600727553
1231534870243037185
1231318001552707584
1229773234926751744
1231565986916192262
1231595679719591941
1230550853439778817
1229343496861102082
1231217185781055488
1231303503810789377
1230781832511344644
1231564402048032772
1230630898774806528
1231632310853750784
1231348355135156226
1231528956123394049
1229604012258988032
1231283516027154432
1231567226634952713
1231566379616215041
1231268161418231808
1231526843804717056
1231361369494126594
1231552703995707394
1231568401325338624
1229519207999721474
1229450439457832960
1230969212988002304
1230805931023388672
1231316652622536706
1231609403578703873
1231632770864156672
1231507711948394496
1231564897122734081
1231540979099893760
1230203182623739909
1230615792468856832
1231564407379046400
1230548776382693377
1230901425405931522
1231602112749924360
1231553448753147907
1231454214955642880
1231340712689573888
1228763923278639104
1231149172679680001
1231636529887490049
1230809950416494596
1230427372194848769
1230911701169647617
1230947996059262976
1231300089664196612
1231325659571597318
1230892495090995200
1230138496440061953
1231625049381199872
1230836162463485954
1230152015558455297
1231266354512171010
1231520632250261504
1231309815495962624
1230888177239576578
1231535246702764033
1230423668280438784
1230152611795554305
1229399173939781632
1231646333062320130
1231631234436083712
1231631236315131906
1229360934700716032
1231460024150614016
1231533722786258948
1231624418494906371
1231632938539913217
1231254433343901696
1229784940541358080
1231144219940618240
1228943381184831488
1231553793868914688
1230873767896809477
1231573618649436162
1231650827846156296
1231568152900898816
1231622280591106052
1231655019671408640
1231273777096482817
1231630570238685184
1230235580577046533
1231640778625179648
1230165222930948096
1231638043360137216
1231171857409302528
1230827179380035586
1230908833507180546
1228989116370608129
1230893470040104963
1230931958567493634
1231315430037434368
1229831363030810626
1231263794346766337
1231261301768425479
1230963104600727553
1231534870243037185
1231318001552707584
1229773234926751744
1231565986916192262
1231595679719591941
1230550853439778817
1229343496861102082
1231217185781055488
1231303503810789377
1230781832511344644
1231564402048032772
1230630898774806528
1231632310853750784
1231348355135156226
1231528956123394049
1229604012258988032
1231283516027154432
1231567226634952713
1231566379616215041
1231268161418231808
1231526843804717056
1231361369494126594
1231552703995707394
1231568401325338624
1229519207999721474
1229450439457832960
1230969212988002304
1230805931023388672
1231316652622536706
1231609403578703873
1231632770864156672
1231507711948394496
1231564897122734081
1231540979099893760
1230203182623739909
1230615792468856832
1231564407379046400
1230548776382693377
1230901425405931522
1231602112749924360
1231553448753147907
1231454214955642880
1231340712689573888
1228763923278639104
1231149172679680001
1231636529887490049
1230809950416494596
1230427372194848769
1230911701169647617
1230947996059262976
1231300089664196612
1231325659571597318
1230892495090995200
1230138496440061953
1231625049381199872
1230836162463485954
1230152015558455297
1231266354512171010
1231520632250261504
1231309815495962624
1230888177239576578
1231535246702764033
1230423668280438784
1230152611795554305
1229399173939781632
1231646333062320130
1231631234436083712
1231631236315131906
1229360934700716032
1231460024150614016
1231533722786258948
1231624418494906371
1231632938539913217
1231254433343901696
1229784940541358080
1231144219940618240
1228943381184831488
1231553793868914688
1230873767896809477
1231573618649436162
1231650827846156296
1231568152900898816
1231622280591106052
1231655019671408640
1231273777096482817
1231630570238685184
1230235580577046533
1231662795890057216
1231661367041679360
1231684803109498881
1231681230334300160
1231724335653687297
1231737934036029442
1231720274040676356
1231804702486036480
1231688191473836032
1231680422624583682
1231684032833970176
1231696343363727362
1231851258878795790
1231709439822004230
1231829632699240448
1231854895562711047
1231860038781849601
1231866445413437450
1231864691871375360
1231870869682708480
1231862831022329857
1231878991331635200
1231880146807873536
1231876699828162560
1231878171932418056
1231879472695169024
1231876855927595008
1231880964189585408
1231898174815703043
1231886367497555968
1231894123885539329
1231895500279840768
1231887435908468737
1231896568841854976
1231896709707501570
1231885079959547904
1231922219560947713
1231922149658710017
1231933339600379904
1231923302719008768
1231912912933048320
1231928783223037953
1231883214186319872
1231907544135880706
1231310661864521735
1231523965434310656
1231685052913848320
1230098164146999297
1230925317423935490
1231122676229574658
1230884385710366721
1230194724453134336
1230862693336276995
1231926763174973448
1230554831288324101
1231432267052068864
1230396560703401985
1230175255488081921
1230445742294093824
1230175542298759169
1231231934799532032
1230448821177585665
1231836626877177856
1230162404480294912
1230493359686463490
1231204541984657408
1230608899876806656
1231319995562459141
1231593527370534913
1230848339660492800
1230397285135257600
1230224633707814913
1230741441300746241
1230180710620815360
1230244737279569920
1230236537968787456
1230120817033433088
1230835203427442688
1231554038812102656
1231158519740669952
1231680219779563525
1231274798401118208
1230568933243047938
1231549408816386048
1230404560591761408
1231268227084439558
1230549689340051456
1230561820164808707
1230623647959830529
1230560453195001858
1230200341603459074
1231919995145334785
1230198203271831553
1231254550314672130
1230094825892044800
1231943772134572038
1231950691926712321
1231612153745903617
1231921458118615040
1231948763025092609
1231943510896578560
1231615868813049859
1231717306163658753
1231647777140232193
1231580434699603973
1231947099790548994
1231970603462201344
1231955343799996417
1231942355047133185
1231951209789100032
1231962584582148097
1231975163522166785
1231972222044168197
1231979706309914636
1231980983257387008
1231968260809207808
1231977398800932867
1231979922085818368
1231956757980819458
1231982529869164544
1231985111438065664
1231981662692683776
1231974644602806275
1231964061123960834
1231975464497041409
1231990285938327553
1231997978992369665
1231973785131241472
1231979820038275072
1231943389983232000
1232003555659304963
1231989682910658561
1232001622961786880
1231966039237369862
